AO-07
1 07530U 74089B   26115.30556025 -.00000034  00000-0  79213-4 0  9998
2 07530 101.9932 127.9963 0011957 230.8851 139.6548 12.53697154353896
UO-11
1 14781U 84021B   26115.12694456  .00001196  00000-0  12772-3 0  9997
2 14781  97.8018  81.3133 0007834  11.3806 348.7587 14.90651421249220
AO-27
1 22825U 93061C   26115.13712897  .00000066  00000-0  42077-4 0  9997
2 22825  98.6907 182.5625 0007288 253.5903 106.4479 14.30927305699415
FO-29
1 24278U 96046B   26115.15086116 -.00000008  00000-0  29365-4 0  9999
2 24278  98.5303 331.2683 0349004 233.9745 122.8584 13.53271524465998
GO-32
1 25397U 98043D   26114.96048838  .00000056  00000-0  44365-4 0  9997
2 25397  99.0062 106.3813 0001827  45.4384 314.6943 14.24417417443750
ISS
1 25544U 98067A   26115.16771349  .00010683  00000-0  20209-3 0  9997
2 25544  51.6320 202.5215 0006921 348.0684  12.0139 15.48944607563533
NO-44
1 26931U 01043C   26115.14627154  .00000126  00000-0  77788-4 0  9994
2 26931  67.0528  21.4582 0006524 264.0514  95.9844 14.31934720282850
SO-50
1 27607U 02058C   26115.21880762  .00001017  00000-0  13739-3 0  9991
2 27607  64.5516 292.8529 0075584 272.1087  87.1365 14.82926048256607
CO-55
1 27844U 03031E   26114.99932729  .00000245  00000-0  12496-3 0  9992
2 27844  98.6757 124.2245 0009205 347.5450  12.5500 14.24301171184104
RS-22
1 27939U 03042A   26115.32191035  .00000701  00000-0  11650-3 0  9992
2 27939  98.3475 298.1906 0012569  77.6020  45.5047 14.73368263207768
CO-65
1 32785U 08021C   26115.20694296  .00005290  00000-0  33914-3 0  9998
2 32785  97.8259  95.5551 0008192 197.5706 162.5240 15.08936590977203
CO-66
1 32791U 08021J   26115.28843709  .00019845  00000-0  66614-3 0  9992
2 32791  97.7534 110.7403 0004915 116.8472 243.3271 15.30900173979199
RS-30
1 32953U 08025A   26115.22435514  .00000020  00000-0  74537-4 0  9990
2 32953  82.5072  28.3801 0020653  67.2502 293.0758 12.43177809813118
SRMSAT
1 37841U 11058D   26115.05513038  .00000391  00000-0  68255-4 0  9991
2 37841  19.9735  21.0649 0011643 339.7097  48.3830 14.11562605750306
ZACUBE-1
1 39417U 13066B   26115.14231453  .00004432  00000-0  34731-3 0  9992
2 39417  97.8124  77.1951 0044305  70.3278 290.2718 15.00733927672775
Delfi-N3xt
1 39428U 13066N   26115.22739861  .00009259  00000-0  81667-3 0  9991
2 39428  97.8337  35.6123 0076359  24.1048 336.3715 14.94385658666711
GOMX-1
1 39430U 13066Q   26115.34099404  .00001185  00000-0  18541-3 0  9990
2 39430  97.6529 319.1306 0127541 247.0901 111.6802 14.69256055662157
LO-74
1 39440U 13066AA  26115.27047777  .00003858  00000-0  36168-3 0  9993
2 39440  97.8870  64.0546 0057301 201.3026 158.5808 14.93383712669092
AO-73
1 39444U 13066AE  26114.87993306  .00007681  00000-0  48582-3 0  9991
2 39444  97.8238  85.2544 0037714  27.8521 332.4715 15.08712416671620
DTUSAT-2
1 40030U 14033W   26114.92513492  .00006975  00000-0  38470-3 0  9999
2 40030  98.0873 109.3043 0009536  63.4782 296.7425 15.14285468644628
LILACSAT-2
1 40908U 15049K   26115.28843293  .00017422  00000-0  31550-3 0  9997
2 40908  97.4734 150.1697 0008878  88.8042 271.4227 15.49671694587554
Horyu-4
1 41340U 16012D   26115.25692511  .00154531  00000-0  10707-2 0  9994
2 41340  30.9893  99.9085 0006301 235.6725 124.3334 15.72883074562420
Lapan A3
1 41603U 16040E   26115.31677157  .00003237  00000-0  10460-3 0  9996
2 41603  97.1493 113.2164 0009680 194.4540 165.6427 15.32752552546718
CAS-2T
1 41847U 16066G   26115.18392769  .00000595  00000-0  93858-4 0  9999
2 41847  98.3831 191.5175 0341012 290.4645  66.0247 14.44565813497149
TechnoSat
1 42829U 17042E   26115.18505952  .00003945  00000-0  28421-3 0  9990
2 42829  97.4230 274.8900 0016508 274.9326  85.0016 15.04625936478735
AO-91
1 43017U 17073E   26115.20623815  .00008704  00000-0  38558-3 0  9996
2 43017  97.4783 343.5271 0154072 150.9274 210.0647 15.11733597457386
S-Net D
1 43186U 18014G   26115.21035292  .00005589  00000-0  29294-3 0  9991
2 43186  97.5396  20.3419 0007789 189.8509 170.2572 15.16162133450735
S-Net B
1 43187U 18014H   26115.22077376  .00005484  00000-0  28773-3 0  9997
2 43187  97.5404  20.3371 0008542 186.1611 173.9518 15.16132306450734
S-Net A
1 43188U 18014J   26115.20948565  .00005505  00000-0  28848-3 0  9990
2 43188  97.5413  20.5249 0008422 186.6131 173.4992 15.16168668450731
S-Net C
1 43189U 18014K   26115.22435600  .00005436  00000-0  28522-3 0  9996
2 43189  97.5428  20.6062 0010010 180.7664 179.3555 15.16123808449289
Ten-Koh
1 43677U 18084G   26115.25689842  .00002155  00000-0  16628-3 0  9996
2 43677  98.0799 305.3959 0007931 299.7415  60.3019 15.02712179408211
PO-101
1 43678U 18084H   26115.34847476  .00001773  00000-0  14695-3 0  9993
2 43678  98.1067 309.3088 0013307 350.6494   9.4478 15.00183894408291
QO-100
1 43700U 18090A   26115.21565416  .00000130  00000-0  00000-0 0  9991
2 43700   0.0192 124.8391 0001241 291.5913 260.2212  1.00273818 27143
MinXSS-2
1 43758U 18099A   26115.18094798  .00038813  00000-0  86577-3 0  9994
2 43758  97.4559 190.0528 0009116 102.5530 257.6738 15.43426313405948
AO-95
1 43770U 18099N   26115.16426336  .00012075  00000-0  47818-3 0  9990
2 43770  97.4425 175.6432 0009586 165.6539 194.4973 15.25533838405138
SNUSat 2
1 43782U 18099AA  26115.12512220  .00007064  00000-0  32109-3 0  9996
2 43782  97.4112 169.3450 0012058 119.3362 240.9080 15.20991633404964
SnugLite
1 43784U 18099AC  26115.11509376  .00010361  00000-0  40566-3 0  9995
2 43784  97.3909 169.9521 0004605 112.8004 247.3721 15.25984448405228
ITASat 1
1 43786U 18099AE  26115.11367069  .00005691  00000-0  27974-3 0  9996
2 43786  97.4083 167.6996 0013239 170.9024 189.2453 15.18349755404857
EAGLET 1
1 43790U 18099AJ  26115.13458701  .00004086  00000-0  23789-3 0  9994
2 43790  97.4284 166.2117 0011828 161.6044 198.5617 15.12521871404317
ESEO
1 43792U 18099AL  26115.09402025  .00000944  00000-0  72246-4 0  9991
2 43792  97.4028 154.7488 0013165 146.5797 213.6263 15.04080643403820
JO-97
1 43803U 18099AX  26115.15113010  .00018169  00000-0  59052-3 0  9991
2 43803  97.4165 177.8606 0007532 102.2299 257.9786 15.31936430405502
Suomi 100
1 43804U 18099AY  26115.15425966  .00012257  00000-0  46151-3 0  9996
2 43804  97.4231 175.7838 0011871 107.8040 252.4495 15.27184926405324
ISAT
1 43879U 18111D   26115.27328188  .00080366  00000-0  11003-2 0  9997
2 43879  97.5897  46.7872 0008573 116.0740 244.1398 15.57092657402918
UWE-4
1 43880U 18111E   26115.21702158  .00033890  00000-0  77013-3 0  9990
2 43880  97.5853  41.3056 0009769 140.9617 219.2337 15.42894080402600
Sparrow
1 43881U 18111F   26115.28369355  .00105491  00000-0  11754-2 0  9992
2 43881  97.6118  51.6572 0006450 129.6621 230.5206 15.62461818403081
Prox-1
1 44339U 19036A   26115.28391365  .00014966  00000-0  15103-2 0  9992
2 44339  23.9948 107.2808 0006783 140.4614 219.6381 14.89308350365577
Taurus 1
1 44530U 19059C   26115.28293377  .00006308  00000-0  10243-2 0  9995
2 44530  98.6376 276.8656 0009884 118.0681 242.1525 14.71489788350861
TO-108
1 44881U 19093C   26115.26998515  .00000069  00000-0  13859-4 0  9992
2 44881  97.7542 188.7900 0012116 260.8396  99.1449 14.86427753343552
RS-44
1 44909U 19096E   26115.23280604  .00000007  00000-0 -99873-5 0  9990
2 44909  82.5261  14.8940 0216387 268.2258  89.4050 12.79748016295577
SALSAT
1 46495U 20068K   26115.08415698  .00007131  00000-0  25580-3 0  9995
2 46495  97.8870 114.9503 0011480 123.7815 236.4519 15.28988570307242
CSS (TIANHE-1)
1 48274U 21035A   26114.94792266  .00026533  00000-0  28753-3 0  9992
2 48274  41.4670 286.2208 0006816 268.4201  91.5858 15.62906639284840
CUTE
1 49263U 21088D   26114.23964803  .00073393  00000-0  51114-3 0  9992
2 49263  97.4195 209.2341 0002228 171.3534 188.7769 15.74144713254026
TeikyoSat 4
1 49396U 21102B   26115.08623471  .00001708  00000-0  11073-3 0  9994
2 49396  97.3721 146.6289 0013676 113.3346 246.9324 15.09312104244716
Z-Sat
1 49399U 21102E   26115.26761045  .00003630  00000-0  18184-3 0  9993
2 49399  97.3381 152.2000 0018499  74.1848 286.1424 15.17844662245417
KOSEN 1
1 49402U 21102H   26115.10887281  .00006535  00000-0  25554-3 0  9998
2 49402  97.3246 158.3127 0014779  41.9351 318.3017 15.26080484245923
HO-113
1 50466U 21131B   26115.29504411  .00000348  00000-0  12135-3 0  9990
2 50466  98.4944 207.9796 0002929 250.4534 109.6339 14.41304263227499
SNUGLITE 2
1 52899U 22065F   26115.20968195  .00001004  00000-0  19969-3 0  9995
2 52899  98.2126 260.1591 0007501 180.5020 179.6176 14.64242891203245
UmKA 1 (RS40S)
1 57172U 23091G   26115.24867232  .00006475  00000-0  30152-3 0  9992
2 57172  97.5094 174.1626 0011412 308.3764  51.6445 15.20208602155962
CubeBel-2 (EU11S)
1 57175U 23091K   26115.22237713  .00013634  00000-0  50250-3 0  9994
2 57175  97.5090 178.0083 0008483 305.9507  54.0944 15.27901615156214
RS-38S
1 57189U 23091Z   26115.28490434  .00017248  00000-0  52040-3 0  9990
2 57189  97.5121 183.7726 0006114 251.6215 108.4363 15.34335547156574
SONATE-2
1 59112U 24043Q   26114.91596137  .00031656  00000-0  47394-3 0  9997
2 59112  97.5478 262.2257 0006810  45.3716 314.8092 15.54895212119603
GRBBeta
1 60237U 24128C   26115.18401484  .00004236  00000-0  29514-3 0  9999
2 60237  61.9912  42.1646 0047143 123.4798 237.0814 15.06200472 98283
Curium One
1 60242U 24128H   26115.26656513  .00009093  00000-0  53060-3 0  9998
2 60242  61.9803  33.0857 0046979 119.7237 240.8546 15.11644229 98454
ROBUSTA-3A
1 60243U 24128J   26115.20240990  .00009217  00000-0  54932-3 0  9998
2 60243  61.9878  35.4961 0048009 117.2862 243.3134 15.10828227 98410
CatSat
1 60246U 24125J   26115.13946754  .00054683  00000-0  85838-3 0  9997
2 60246  97.2153 327.1653 0024058  23.2517 336.9819 15.53159123 99140
HYPERVIEW-1G (RS66S)
1 61772U 24199AP  26115.28173436  .00090716  00000-0  91990-3 0  9991
2 61772  97.2987 352.7813 0009377 109.3035 250.9239 15.64894274126372
AO-123
1 61781U 24199AY  26115.24103777  .00008585  00000-0  25523-3 0  9990
2 61781  97.3080 344.3982 0015408 134.1651 226.0862 15.34877172125801
JINJUSat 1B
1 63210U 25052A   26115.26213194  .00018387  00000-0  59995-3 0  9996
2 63210  97.4061  11.9982 0001190 279.1740  80.9367 15.31834186 61990
NUSHSAT 1
1 63211U 25052B   26115.18799118  .00022447  00000-0  68592-3 0  9998
2 63211  97.4036  12.3240 0000926 298.7322  61.3828 15.33891828 62011
TEVEL2-4
1 63213U 25052D   26115.26771583  .00019818  00000-0  62842-3 0  9995
2 63213  97.3957  11.6312 0001093 359.6780   0.4462 15.32735645 62007
TEVEL2-5
1 63214U 25052E   26115.15215563  .00019546  00000-0  62277-3 0  9995
2 63214  97.3957  11.4778 0001141 357.2193   2.9043 15.32586108 61984
TEVEL2-6
1 63215U 25052F   26115.22848828  .00019286  00000-0  61523-3 0  9994
2 63215  97.3964  11.5392 0001183 355.9894   4.1339 15.32550333 61999
TEVEL2-1
1 63217U 25052H   26115.24028197  .00019433  00000-0  62899-3 0  9998
2 63217  97.3938  11.2352 0001839   5.6367 354.4895 15.32080145 61983
TEVEL2-3
1 63218U 25052J   26115.23663826  .00019171  00000-0  61973-3 0  9993
2 63218  97.3940  11.2470 0001849   7.6495 352.4775 15.32124691 61983
TEVEL2-2
1 63219U 25052K   26115.24082612  .00019275  00000-0  62382-3 0  9993
2 63219  97.3935  11.2374 0001917   6.2674 353.8591 15.32085482 61986
TEVEL2-9
1 63237U 25052AD  26115.15247343  .00017570  00000-0  60200-3 0  9990
2 63237  97.3995  10.6326 0005515 350.3875   9.7259 15.30249328 61916
TEVEL2-7
1 63238U 25052AE  26115.24933833  .00017809  00000-0  61486-3 0  9999
2 63238  97.3999  10.6658 0005577 350.0498  10.0631 15.29998760 61924
TEVEL2-8
1 63239U 25052AF  26115.25698849  .00018060  00000-0  62381-3 0  9991
2 63239  97.4000  10.6521 0005643 350.4713   9.6419 15.29980008 61920
HYDRA-W
1 63490U 25052BL  26112.26439385  .02130398  41366-2  26477-2 0  9994
2 63490  97.3739  16.4004 0007524 180.8298 179.2974 16.08789288 62061
HADES-ICM (SO-125)
1 63492U 25052BN  26114.71952330  .00287832  00000-0  18108-2 0  9992
2 63492  97.3833  17.4224 0003045 119.3515 240.8055 15.75884874 62342
SPIRONE
1 66657U 25274H   26115.25688939  .00001760  00000-0  17317-3 0  9991
2 66657  97.7468  45.3188 0011855 182.9638 177.1513 14.93322076 22320
K-HERO
1 66660U 25274L   26115.27650865  .00002058  00000-0  19933-3 0  9991
2 66660  97.7475  45.4597 0013640 188.4210 171.6783 14.93755279 22332
SNUGLITE-III DURI
1 66661U 25274M   26115.26609087  .00001562  00000-0  15236-3 0  9992
2 66661  97.7472  45.4677 0014225 190.0503 170.0435 14.93817790 22337
SilverSat
1 66909U 98067XV  26113.44966717  .07226154  12288-4  11979-2 0  9998
2 66909  51.6027 190.0749 0007952 333.4666  26.5949 16.32457272 22308
SAKHACUBE-CHOLBON
1 67290U 25313AU  26115.18674997  .00010274  00000-0  42782-3 0  9994
2 67290  97.3946 190.9205 0009934 173.6403 186.4962 15.23880936 17907
RS95S (QMR-KWT-2)
1 67291U 25313AV  26115.15055406  .00015878  00000-0  64031-3 0  9996
2 67291  97.3946 190.9669 0009783 173.0948 187.0427 15.24856311 17906
Ten-Koh2
1 68261U 25241B   26114.29412782  .00006162  00000-0  27069-3 0  9998
2 68261  51.6455 216.0197 0005448 329.8939  30.1725 15.23192165  6695
JACK-002
1 68417U 26067B   26114.34323352  .00005481  00000-0  26749-3 0  9995
2 68417  97.4529  73.6427 0004103  98.1475 262.0225 15.18691837  3770
DISCO 2
1 68431U 26067R   26114.35075004  .00005460  00000-0  26990-3 0  9995
2 68431  97.4566  73.6451 0003073 138.4070 221.7398 15.18249303  3778
HADES-SA (SpinnyONE)
1 68446U 26067AG  26113.57965593  .00014160  00000-0  71504-3 0  9993
2 68446  97.4374  72.7854 0004613 262.3790  97.6920 15.17192733  3645
PARUS-6U1
1 68456U 26067AS  26114.10781178  .00004846  00000-0  24907-3 0  9994
2 68456  97.4515  73.3424 0003835 243.3545 116.7296 15.16929333  3737
SAL-E
1 68458U 26067AU  26113.71226442  .00006359  00000-0  32553-3 0  9997
2 68458  97.4442  72.9316 0003875 259.9906 100.0890 15.16952377  3674
IO-86
1 40931U          25360.30710720  .00000000  00000-0  12800-3 0    00
2 40931   6.0006 332.5373 0012733 338.8432   8.1437 14.79075515    01
LILIUM-4
1 71922C 26067AC  26089.50133053 -.00014632  00000 0 -74472-3 0    04
2 71922  97.4497  49.1617 0004341   5.9603 355.7042 15.16896692    16
